3.6592716097568498
-4.2727284960985754
1.5509531078059844
1.816994094134829
-1.5333330160684833
-4.4033158183464716
-3.8766436314709463
-3.4674143196114739
1.7519166720419488
0.58346086259430852
-2.0793704435317206
-2.1413339981265658
4.5551100713721411
-1.4986994207087747
-2.8503839938483608
4.5614228591981334
-1.0528879928833756
3.1611658998490171
-2.2509586416827023
0.7593179993532857
3.8577101403306528
-4.3117333701172367
2.8949394471528738
-0.72755334245998604
2.0780451264959279
4.2362171053984099
-4.7081833862473443
2.3813405857266829
0.43941475533967456
-4.8707557097552856
-2.4472775546158978
3.1497273896426048
3.0560264602583285
2.0663065952546962
4.0135416596459628
-2.0527354704951319
-4.7059341055286961
-2.6775626844855118
3.3159501831895373
-2.0254138794569023
-3.9876685194542159
-0.90114322435727612
-4.8227211555455041
1.7367476949269465
4.5322457774892175
1.8265071410159086
-1.6999458140842707
-4.8331388884567241
2.6211858292213233
1.9763472888782774
1.3965215439420611
-4.109352990168067
1.8553653354993234
-1.2935916994927785
2.5036897670633964
-0.36720131259900501
2.2493442582606438
-4.2273279789285496
-1.2738538755373794
0.44698218450260896
0.31091536258751074
3.049092945568006
-2.8861291623516361
0.072995744388554051
-4.0862894286627185
-4.6772404930451952
-0.59031661303872696
3.8390007630760152
-0.60769265674724515
-1.6017691122701203
1.1371147967094402
1.0175995399414308
-0.085062410482215967
-4.9702865377326972
0.91325190258494082
-0.82831528725396986
-0.72014731442912172
-4.2800897856118088
-2.2394685508834478
3.0720777864280517
-1.7586877527940867
-1.857500657384886
-4.5415466921338963
4.6641239775575585
-1.796050566390627
-4.0560896206043004
-4.5356560160118526
4.832956274775297
-3.1605333099255017
-1.1858400169884789
0.099705504915449161
0.73340483268209855
0.63557968420151667
3.0886172043919728
-0.87306832784833954
0.029273957921144955
2.709876304155018
-0.35349152911693071
0.99276281361921548
0.38840401795880553
-4.1670815403676942
-0.62586445106856026
3.6420668279652979
-3.0631104727563363
4.5403628262772795
4.2395810590062286
-0.90620012413667794
3.130008796405102
4.8462165561287573
1.2386468646601436
-4.8063048366076879
-2.0686162074412415
2.7124639026685093
-0.43310635879964732
0.5976098549080735
-0.90250722256718507
-1.276778875743787
3.5905802905313031
2.1020303335216619
-1.876130752051508
-3.8880663837825913
2.6487389125938963
3.4786709740399502
-2.581168865697121
1.426498391925751
-1.6048290643483321
1.4673168743233589
-2.2259172467713562
-1.6107293586187685
-0.49175893545656812
-4.8885729921771066
-0.52570280044592721
-2.5802184958931873
2.3421381354123465
-0.46705194462570354
-1.5119226339026781
-0.69167484230664833
3.2901398174551577
4.2787032131081908
0.95116829132095493
-3.0594807406373778
-0.14615893520456336
3.6849624176307518
0.86190040254611855
-1.4263915871190558
1.9842111616714462
2.7785673796632793
1.5312669715553948
2.444455088227933
4.235106719402296
3.5975314353561654
2.4932607702761276
0.5506152529939401
1.861599978116546
-3.8664035690385736
-3.4414534186918888
4.0391331119341878
-1.4354211013173002
1.772250894691453
-3.2217396597223957
-1.4593830579163782
-2.9915105456743465
-0.57692336776418429
1.31242175520293
-0.61303699216506669
3.4839067123656093
-0.075702598317144876
1.9492818697280434
0.69318700195676897
-2.4573709515923015
-1.7590266697468113
-1.9730287013200765
0.56297792055681484
4.4877716953382709
-4.4184719000220714
-2.0286887490066805
-1.9158404169205614
-3.7125393842238763
4.0087128356365689
0.44988698319128417
3.483943982358138
-0.59302947783319304
3.2450320931252232
1.9224702220586227
3.1036045299120207
-1.9827935168016566
4.6032000558088662
1.6511166276459077
-0.61096303963982379
-1.5557462126128243
-4.9611858563035938
1.3351317559054374
3.9894945919231137
-1.1359898424700576
-2.3296948087021043
0.54000870280378344
-2.5602382649905406
-4.3653569546471305
1.6111244877096471
4.7335865141412796
1.0119883979403852
3.9491197448194466
0.62424573445685816
1.1349309048202016
1.6684562534818239
4.2402313944699461
-2.5559425797362811
-2.8458443273969647
-2.0942735885280794
3.5258435154047962
-0.24483313310815635
-1.8164248547519204
-2.3738422720263266
-4.3807018090282721
1.5951394131217072
-0.24328761099280349
3.099542459809614
3.581017753371281
-2.261380932521504
-1.1036628564869453
-0.80352608029166461
-3.021303040138327
1.2467838867852601
2.4284929952100125
0.10117359039789875
-3.1876775706554916
-3.1054865584014388
3.9186413981754029
-4.24302337902113
1.0122372739290517
-3.8973695041828202
-0.77317440080294197
2.0105988985280927
-2.7628385365354236
1.8821610693857824
-1.2632259594644357
-2.3924871069202447
-4.9957548598879313
-1.2544666392902846
3.599668409390322
-3.3182379408212661
4.6633296964370494
0.67565832394266856
-2.2085084192326701
1.7359310230593685
-2.6357583991613023
-1.1865713980662287
-3.8656448186369463
4.7932276717164815
-2.1208251127728595
-3.2552087354469048
-2.0182431270626489
-0.11646540369952074
-3.0829317623309906
-2.8948011678733057
-0.45760356242352085
3.3921782547229657
-1.2244901794092087
-0.95119897370159023
0.019181053042451879
-4.7751443077838971
3.5551857800861271
2.5580840412113313
-0.83945946663475013
4.1523955050006425
4.8462033683740877
-4.7005034958383316
-0.18612244302774972
2.2884887308841098
1.6205508176436556
3.6813876474156544
4.5597736344507656
-2.3942258861445653
1.4200991122256736
1.3558527892626548
4.8533822514081493
1.4811577717255631
-3.168052905577825
-1.317109361111668
1.720482301531403
2.6837992105349091
3.3235144452641343
-1.2581634164718727
4.9141991979923105
4.5277662551278954
2.0130929685044565
0.090379307067452785
-3.0318890765483486
-3.2476001656170226
-3.0820845681321551
2.2041000778945641
-3.3783755485982612
-3.8266723848019604
-4.3964868343996333
-4.5984943114438028
0.67928454191497245
-1.4428173918517517
2.1715819376567049
0.12859650116157528
2.4366802302159885
-4.6016448788244499
-4.3018298945084972
4.5373676069350406
-2.869992912595789
3.1706699440310402
-0.66863296760717894
-1.0700729184170168
1.3886776617247598
-2.9049964684817109
4.9950939000853154
-0.72183373832543118
0.87076295436629092
3.1660020787721486
2.0432087681724287
2.8139192170361502
0.95611321348864209
-3.7201967653968127
-2.8454691986764171
0.54221141576863108
-4.1870350129346976
2.9924150115627182
0.17717323692421161
-0.17454656276822167
0.024022497854946145
-4.3504361223656938
-1.4412865061375078
1.17356074349932
-3.483639865720555
-4.8156432950603554
-1.5168782616679044
-2.7482370542042736
0.89678617672018124
-3.2134512792164616
-1.4321169443220372
2.7539592374682442
-1.1767573433377834
3.6088014482804951
-3.0209049788512821
3.8840436038004249
-4.1256728177430722
2.6370999722498576
-0.94369293520501518
2.4450772934429832
-1.4739507503006188
-3.5113828918890535
3.0675020515947633
3.1599586421168944
-1.5851784428932736
1.307616976718017
2.4405215957478887
-3.4677414598261724
-0.67105471857796228
-3.1418716073728592
-2.8795000838603926
0.4367135466064358
-3.4028793847500149
-2.2145423193005076
1.9319013874013624
3.7192072219173316
-3.0539515952746807
4.0865333039182854
-1.6436294089910142
0.77754316901727183
-4.0914257307915536
0.72222168486998051
-4.5748035016840873
1.5152632430889037
4.660226311497528
1.8366437808875506
4.3501342821265112
2.5542088772052738
-1.5281030183899813
0.1356925059461318
-0.51946873506042213
0.98380725467736418
3.6755444978889695
-0.92691366210300075
-2.3598439760488499
1.0931878096061709
-3.3871720511374992
-1.8309675962618623
0.29345688608436227
4.6754566871678449
-2.6836997994024872
4.4618422964589879
1.5176574189113019
-1.5241195568834387
2.43413124008603
-2.3440861231731311
-2.7946189238316843
0.0035349350871003438
-0.36066963571988175
-3.635404071546863
-4.1562835929432111
-3.0032312036121067
1.708899641885032
-1.6776898273994609
0.92557909803793503
3.2681431913023538
3.1072008011419925
-4.4848618677823708
-2.6774312876411113
0.77965241491286186
-2.9451762793511183
0.55349391748269561
4.8813660835797386
1.5403527408315467
-0.76328250360909511
3.3040670473486298
-0.14961330584198684
-1.4833034760484622
-1.4078119774618711
0.88717213399548456
3.3182796203595331
3.5225889613105803
1.2584928260237138
2.92683331298851
-2.4513719323401331
1.6598338514226905
3.9151963712801745
-3.4271125858372828
2.4140300085504567
1.1457157479066353
-4.949163615745884
2.0911906350016238
-0.0020572766170943169
2.149843283607237
-0.46994760008004288
2.0997062148650443
-0.31345729687601942
0.45342440328564493
2.1885030841036972
2.5766532089808969
-0.88263004129605882
3.5989295260375851
4.0927810956781112
-4.3883943844204421
-3.2589451946584869
3.5469003160738382
-2.6307099148043198
-0.40142861330961654
-1.6004754648146005
3.6954537554271276
1.0349671153424724
-1.634210144042112
2.9016826892238177
-0.97166019371182522
-0.47307382974583234
-2.1583592554925
-4.051895367357405
-2.8180314778779181
-0.63056314264721891
-1.454189344605604
4.4564714146076323
-1.2979450222069975
3.0225608702474709
-0.23976677841661775
-0.10609392290436315
-3.6517324297070273
0.2180777325738319
-4.0704147408866342
0.62654416909644972
3.8379784857698152
0.44545698161223246
-0.24237839885412704
0.36196957589289269
-2.1431620194316636
-1.0790682792093573
-0.33014957576415238
-4.3003864390117226
-2.3291563258765882
0.26751373092134845
0.24520940618362808
3.0898587366071162
4.2747818007146989
-1.4546684333767912
-2.6430874370399282
-1.7519648733127835
-2.7364095991040136
-4.8903021883556539
1.0165980157332548
4.820981459901386
-3.6229235959838868
1.1897553299264647
3.7998008500572631
3.7360569318196752
-4.0732640362534021
0.13355948687863162
0.60501184718980472
-1.0485727858146818
-1.1891388089235733
1.50884078199004
2.9341365480622219
-2.4242319572317514
-4.2754698534671922
4.30825874804572
2.3810245196643223
-0.58560049553477178
-2.2674177539757059
1.003883497173482
0.97095374381833111
0.19996533315757326
-0.43584408900246352
3.3105019783387419
-3.4149949641274437
-1.8598593915857817
-2.6433519328264588
-0.63685003538263096
4.5567739132296055
1.5820373838762389
-1.560625497984395
-1.4826264045785855
-1.3402125061893253
2.7320535834896393
-1.2368647108669304
3.5259977508458213
4.2893832381147732
0.78817133078241675
-4.6428638595305083
2.9966159437669955
-3.2318064709290848
2.2543523508860854
-4.9550850831683304
-3.0176937347475175
1.3597793363176844
3.4176019100857395
-2.877692439125823
1.0729588064715321
-3.6345960329732554
3.5541830571853961
-4.1880946870031819
-3.1622331436285043
-3.6866749195976567
-0.83880581355997563
1.0539622373468704
-2.5134478793181492
-3.5203942437456757
0.17559143876607486
3.4194129973849048
-0.89549851030523797
-1.4493787464230889
-3.0004281941821889
0.53587027556137201
-0.11529535426457738
-4.2899528867691137
-1.2936482893384604
-2.5384140252546117
-2.037822534784306
-1.0633032664366784
-0.98055424765540344
-1.7110179555951621
4.1519902992590865
0.86684853323044297
0.42075086737767631
3.0300516745489627
-4.3070337937243321
-3.0410873826348492
-4.4263685037666622
4.360707206687497
-0.67224702412754844
3.8911122978438133
-4.9417739260698132
3.5841461292965118
3.2519102855286093
-4.1584624595858575
-2.4940982119097468
1.1368742076501102
2.4210181533411115
-3.1341493674200782
2.5455842352379241
4.7224128598173145
-2.9083585875251758
0.69137117652128843
4.8256116986095829
1.1905284185406186
4.6510446873231253
-0.38503215701221905
0.090274027665903311
-3.4309161156924715
2.6288540363054693
0.073322359691977645
0.98202690027005524
4.0191780184021493
-0.75653263375375612
-2.0766111675820511
-1.9004484202887051
-1.6520098067991928
-4.0721946991192564
-1.9165784289641397
0.55473649722113194
-3.1980128563802301
-3.8459989753911792
2.8467762174133595
4.0149661919525208
-2.9265077678395226
-4.5332032975127863
2.3642353736217192
4.8089475323138338
-3.633476782527536
-4.2261023393535533
-4.5767490290576598
0.22741958487033997
-3.109197822694072
2.6205660744423813
-1.305721980180655
4.1500206567220097
2.8830774019462417
-3.8153023868099001
3.7631031435543765
4.6527347497311897
-3.3043204279827343
-0.87944136016426633
-0.81716762798686027
0.57407483073723498
1.4167534455138009
1.0432452726111965
-0.33210249999837416
-0.96290211702735107
4.8846867890742107
2.6852716736505027
-4.509456739277744
-2.9310446668060153
3.9795032737476195
4.0971304437283287
-3.9331164846099487
-0.67951852152308767
-1.0557110578896189
-2.1884757276911762
3.2708307345178778
2.7859571148026383
-1.9570383596835672
-1.0512780066272267
0.4182879817793701
-0.6964356588095546
-4.5073956174408911
1.4193610334166564
-1.3721485920685539
-1.2044479044961962
4.0833186582796994
4.2797754294364694
-2.4880503082003469
3.7411847836978325
-4.7984502483502345
-1.4312623658878589
-4.4975158653552407
2.4387701870926284
3.8543804244179167
2.0350817689953224
4.504191917452097
-4.6714488750507552
-0.37135148011669372
-1.1862311233568201
0.43311670549698
-3.3838195484185851
2.2007750330513751
3.2224806455216086
-1.0897367478917133
-1.0787975519416726
-3.5400278686373996
-4.8831406406966602
1.730464096557693
1.7070217974171911
3.6244422508963012
-1.0394964335604784
-1.7819183292853746
1.633132718647925
-1.6577764752550808
-4.212441767963667
-1.6760708489821354
-0.035927352417434832
-1.3375730803490926
0.23874386517618085
-2.0649219287487108
3.6613565990051402
-1.1264673508167267
1.0211921260461647
0.96638544054267506
-1.7262552591021407
0.94428093332074248
3.3690536994524329
1.5476699843444743
-2.947700299061645
3.1941322229856119
2.2445180951616539
-4.7316577942199665
0.026035718670724961
3.1665289385947446
1.283729128790787
1.2870003222712691
1.3752734047596
2.9844612594706579
-1.8777593345641854
2.7944075984980241
-1.6191957145462412
-4.730434703762624
-3.0654834676571099
3.0215014019410553
-0.50671028109718819
-2.8666016041819855
4.5343793315260257
1.8954455210122294
2.4917067228424212
-0.35213518601924232
-1.5098566286242834
2.2698602478903709
-0.35528735641379949
-1.8076363629244585
2.7007263638029189
-2.9032707991208619
0.17703196454054293
3.897092591094717
-3.732240901999587
-3.5100294389273556
-0.79633706205797328
4.7599438955213351
-3.8395029786137638
-4.5412793568523586
-1.8602242538349545
-1.7996074234443968
0.89221689724750419
2.8069189080562733
-4.8160651034689161
-1.1030104476940972
-3.297653432070887
-4.5465393701913479
2.2202110256947467
3.1255760170497844
-0.98126670244470127
-3.8867687441107304
2.7847601138386127
-1.0139874314403272
-3.7851322982534441
-1.488085891855583
1.3665957569897511
4.1050993482169051
4.7047454063215053
4.7684043837057324
4.5663512280388439
1.8172950296247672
-2.9095417118596236
-1.6757243012843936
2.6805671225769458
0.54199857812760488
4.1011178452357413
-1.2065277239339691
-4.6212437961679464
-3.6194609014540213
0.43521939699752821
3.6673454480120462
-0.6009226266186074
2.3815979287866904
1.6767856596685435
4.9693632938613899
-3.4873085578702878
4.3374404929235606
0.8752328304494732
-3.2753692091066435
-2.6195731546197711
0.56331738686612809
2.890145641506817
-4.5843053419194311
0.51513577779171094
-4.1353869425860772
-0.37355464881166078
3.3248911127252949
-1.7203197747661081
-4.412258518598521
4.4727631725079462
-4.5350572780573444
4.4123583885110715
0.41886470002881282
-0.2870553584678941
-0.60436264159598796
4.5845131008023206
-1.1422695388722257
-3.887911667203384
2.3986552809642614
-4.7520802855281126
0.98081622631782039
2.4585400614144373
-4.770041807145688
-0.046021392637612735
-1.4656494079699089
4.60849520278021
-0.66780720420861428
4.1942749846084872
4.8167094043649321
-3.4341294740744099
2.8504964150397143
4.7104673646314961
-4.795306240203006
-3.8548834459278867
0.65225824995216808
1.1262310716576875
-2.9059986182161723
-3.2845767559476879
4.8465730597313552
3.5587579079514153
3.9980176834497847
-1.0966554441724674
2.5822133626003616
2.23597704120853
0.13828392990732752
0.40430383257107749
-3.0484626324071007
1.3694037965492543
3.556671546240441
-3.1284743417693441
-4.4491386850045238
2.069453930163907
2.134341016376462
4.5356695296133367
1.3454508558820644
4.474058677322752
4.3099500561166746
-3.9179795045839159
-4.7588810670742845
-1.7052829683031803
3.5915147335753002
4.1474772899415662
-2.0685166790499219
-0.32508381368567107
-3.0926384026866049
-3.510005834779506
-0.33511709753375474
-1.6165197644448082
-2.607268160383005
0.51595119313026316
-4.920675129844998
3.9525019619964681
-4.6933329230290601
-0.11546193615835421
2.5508867346317912
4.6186174011792733
-1.0928794218068241
-1.0531266819673935
-4.2296063305531035
2.3772880316140039
3.6062698804018076
3.1722240589466999
-1.9539691004763196
-4.3608330453702724
1.6006179575432231
-2.4549330986799864
2.8870481186114674
3.0310235907645193
4.7190437386252739
-3.9975519634967238
3.4610342379758112
-2.9624233115491938
2.5977449163210409
-1.4251351497004396
-4.4052611348391304
-1.711199631985779
3.2330427712278471
4.757392911438604
4.2170786702304159
-4.0133815856295652
-3.9652124216738138
3.5241902787009778
-4.8557580034721166
4.6956338819754695
-3.6453015712475842
-1.0809756758576494
2.3566719665952087
-0.39738873164049249
-2.3769495500449036
1.8942106913119581
1.7877712722968084
3.1669566398167319
-3.9826601663414438
-4.9172852347915512
2.6895178476565276
-3.8264927858205589
3.6703722789791087
4.2283722297469044
-0.07864017802694967
-4.6794628941696015
-1.8372638429157053
-3.2776761336582871
3.4125988642101817
-3.5637824075636648
-1.0481445711099378
-3.8234406705581439
0.71547282787227662
-3.6006418677171559
2.1620103880035781
-2.5010226811191147
-4.6243081409883757
-2.1782537998889193
3.7185684589860983
2.6964028682819645
-4.0214589940605903
-1.0318210319313148
-1.5747540425288706
-0.56736951077593289
4.1454208680208957
-0.19622996646475421
-3.2684959346607068
-0.75029423599085288
-2.1780557909023344
2.8312068778125035
2.8553469726859406
-4.3877524916029254
2.58255615797367
-1.0037025652623455
1.5753053661075631
4.0627691760900149
2.8137508877907074
-4.2416686767802041
3.9042752072423994
1.2045823141586158
3.5952721906870302
4.8532659872899604
-2.2893683848137036
-2.1841225216825979
4.6330183288228106
2.3898074011259505
1.6485036587860238
3.7024526594941474
-2.86485027137266
2.9630710052640987
-3.6210469315229235
-1.644155916167811
2.6478356678189012
0.53507613725406244
-0.26778750255814288
4.631769058390347
4.8871912191642437
-0.77838681343529981
1.4467257224290275
1.7215604679922674
-4.0178368177180879
2.6055531395864104
3.6232435170539024
-4.8102813425950641
1.8514496834820724
-2.9582908886678383
-3.5119040998096573
4.3548771613847208
-2.5777291666258773
1.4574769289111176
-1.2539328220244328
1.1253303325459338
0.38320069117067312
-0.30180525554690085
-4.1119946895207393
-0.60456858219112863
0.90119203390218505
3.8046601096946624
1.7630910901815433
-1.4134734284572872
0.19882623425318791
4.7904944186256238
-4.3433433832321819
-2.0907535770886723
-3.4174102053647792
-0.72637458909572494
2.636403668250594
-2.604209700543235
3.6475189290247343
0.28216790985680174
3.8551027029280167
1.2072134600072557
-3.8155975427235802
-0.7468614642942466
1.1522373289916175
3.3218380927146853
2.2693431300401539
0.5478513392561366
0.86011451548317375
4.1663216778138263
0.51360833830108277
-2.0648009573848434
0.070583078157761214
1.1228198655629154
1.0842192615321107
-0.50314438469900047
-1.2537042219948704
-2.585456637580922
-0.13421148006984218
2.6626823488469
4.31114711149716
1.72599796766547
4.844447993271503
-3.9905529156780228
4.4620329819473188
-1.9320819644536522
1.5745721906819306
3.860909046345979
-4.1419633754650089
2.9663852744968278
4.294773792382264
-3.2903460487209979
4.3844320766204614
2.808615438040091
0.92223390388207704
0.30283142443377464
-0.28878343487526514
4.2903336428579042
