4.62 24.37 0
-61.04 -18.06 0
-68.42 60.19 0
-78.74 35.6 0
-95.65 -14.53 0
7.79 51.87 0
-62.96 35.25 0
76.39 -8.93 0
-60.71 -76.37 0
36.34 27.82 0
-58.42 -8.1 0
6.1 33.21 0
-23.06 55.39 0
-22.71 -82.67 0
-86.72 -52.64 0
26.23 18.68 0
-16.02 -27.36 0
-63.52 34.86 0
-59.46 86.16 0
-59.51 68.53 0
68.68 51.69 0
13.89 -10.41 0
12.98 42.85 0
-33.11 31.81 0
30.08 -20.15 0
-89.02 -64.26 0
-18.4 -59.36 0
-80.25 -26.69 0
-28.27 -81.2 0
-18.78 -85.39 0
-33.61 -61.02 0
-75.64 46.81 0
-84.17 -14.6 0
81.06 59.03 0
19.66 26.4 0
-8.39 81.67 0
26.46 7.6 0
12.99 0.44 0
28.24 -60.62 0
31.53 -6.67 0
-77.33 -78.78 0
-69.2 -10.77 0
-64.62 20.18 0
-51.81 -75.79 0
0.68 -64.53 0
81.59 94.35 0
-75.07 -54.82 0
24.49 -63.92 0
-22.17 49.9 0
3.51 -66.72 0
-96.22 9.33 0
-11.71 88.21 0
20.02 -64.18 0
39.11 -84.76 0
61.6 -46.57 0
-44.18 -82.03 0
5.96 7.68 0
-57.38 -91.64 0
-75.45 41.17 0
-24.64 94.65 0
-63.51 79.86 0
2.91 -52.17 0
-75.36 -31.72 0
18.56 -1.11 0
-29.91 26.38 0
5.02 -53.35 0
63.02 -16.82 0
-49.24 -52.25 0
24.8 -8 0
-75.7 -41.95 0
-94.22 -11.27 0
-51.18 -67.18 0
-70.4 -44.9 0
-81.02 6.47 0
1.72 -38.25 0
47.08 -4.91 0
57.31 71.75 0
-42.88 -95.78 0
15.25 -97.24 0
32.74 11.01 0
-63.5 -24.25 0
91.14 -1.58 0
98.43 60.68 0
39.76 21.67 0
-33.66 43.06 0
-11.98 -92.17 0
-77.18 2.82 0
53.79 -26.96 0
-51.27 -47.59 0
9.1 24.14 0
99.4 -95.44 0
77.36 -89.92 0
-80.92 14.56 0
-11.85 19.98 0
-1.27 7.58 0
-27.95 -22.36 0
-1.25 -2.1 0
-62.25 -74.22 0
35.69 -25.64 0
50.23 -9.99 0
13.97 28.93 0
54.05 81.49 0
26.99 -43.91 0
-17.83 58.51 0
-76.1 -27.86 0
-39.77 -15.51 0
-63.58 29.08 0
-40.93 -84.74 0
-6.13 -59.93 0
-62.03 -55.27 0
-81.34 -93.8 0
9.7 -49.62 0
28.62 -61.96 0
-91.84 -23.83 0
-2.56 -34.06 0
-27.03 -20.7 0
-40.54 -54.47 0
-55.81 6.09 0
63.53 45.73 0
96.63 0.2 0
-23.54 -12.48 0
24 31.6 0
-16.1 42.22 0
-91.37 43.32 0
48.49 -63.99 0
-47.08 -44.61 0
60.29 24.89 0
97.78 27.23 0
-58.32 25.05 0
52.99 24.25 0
20.25 -47.72 0
-22.32 17.75 0
-16.95 44.79 0
-32.35 -36.3 0
85.3 33.44 0
-61.34 55.49 0
-22.12 -44.61 0
-77.6 -63.27 0
26.87 15.43 0
-78.7 -9.66 0
93.57 -36.86 0
-77.95 -77.9 0
-66.58 -11.57 0
-32.79 7.92 0
75.96 88.45 0
-17.43 65.6 0
37.64 87.05 0
-42.46 52.33 0
15.07 -20.76 0
-62.02 -42.79 0
-68.58 -99.29 0
-99.01 -88.85 0
-11.94 33.3 0
64.78 81.43 0
-52.68 56.99 0
-84.11 81.85 0
89.84 -34.16 0
21.75 -2.42 0
-38.17 79.73 0
-55.16 -44.38 0
-42.1 13.75 0
-22.4 -76.98 0
7.75 88.42 0
-15.37 -68.25 0
46.65 -70.21 0
-5.58 -38.51 0
-6.68 -6.42 0
27.52 45.06 0
-55.31 -92.93 0
20.18 -14.88 0
68.88 -49.72 0
62.41 -37.93 0
-68.88 16.83 0
43.45 -38.23 0
-78.42 -36.79 0
-63.68 18.22 0
-8.23 87.14 0
23.17 12.59 0
-52.67 94.4 0
-0.78 -48.86 0
-70.34 -66.68 0
-19.4 -0.08 0
-78.98 22.52 0
-97.31 36.78 0
-26.09 -9.11 0
45.03 -22.51 0
-60.24 -12.09 0
-17.96 -78.32 0
-27.93 -10.53 0
-61.72 43.21 0
-24.99 -4.55 0
-29.13 7 0
-85.07 -21.56 0
-97.66 -77.75 0
80.75 7.45 0
-96.57 52.01 0
66.16 10.37 0
82.82 67.82 0
-83.15 45.51 0
-71.85 -87.69 0
-48.02 82.57 0
66.1 -1.56 0
22.15 -45.42 0
-52.81 8.4 0
45.08 68.48 0
0.08 -30.02 0
-18.59 80.5 0
-15.78 35.01 0
-2.14 85.8 0
-97.4 16.22 0
90.99 -50.1 0
-60.06 22.29 0
-81.08 -0.89 0
47.09 81.41 0
80.07 -42.65 0
46.07 -55.92 0
15.94 52.92 0
42.2 -57.2 0
2.82 -17.47 0
81.46 78.02 0
-84.33 -16.14 0
82.36 -64.23 0
24.67 31.57 0
52.65 61.69 0
44.14 8.03 0
-90.57 -41.74 0
85.64 -46.79 0
-14.41 -48.36 0
11.52 49.08 0
-37.88 -88.19 0
96.19 17.35 0
49.81 -21.44 0
-91.76 -43.59 0
-52.84 -29.04 0
10.18 -86.88 0
-95.72 71.07 0
-45.18 -23.04 0
-73.98 -55.52 0
-97.37 9.37 0
14.27 20.54 0
-64.85 72.26 0
-14.97 22.39 0
-58.43 -76.01 0
-86.89 -79.18 0
-37.67 -34.25 0
-51.34 40.4 0
75.39 32.28 0
-88.41 -91.38 0
-23.15 -79.49 0
-30.13 -18.78 0
